lats     lons    elev(m)   SeaIce(1=ice)    T2m(K)    Q2m(g/kg)   Tsurf(K)   LHFlx(W/m2)   SHFlx(W/m2)  ustar(m/s)   10mwind(m/s)    slp(hPa) 
   64.4800  -31.5900    0.0000    0.0000  274.2811    3.9970  279.7298  284.0125  301.7119    0.8362   18.5434  984.5992
   64.5700  -31.7400    0.0000    0.0000  273.8521    3.8868  279.7983  301.4383  328.0320    0.8327   18.4395  985.2825
   64.6500  -31.8900    0.0000    0.0000  273.3674    3.7366  279.7579  319.4560  352.8295    0.8321   18.3942  985.8914
   64.7400  -32.0400    0.0000    0.0000  272.7411    3.5461  279.5754  333.0764  375.6408    0.8276   18.2782  986.5782
   64.8200  -32.1900    0.0000    0.0000  272.0316    3.3615  279.2413  338.9811  396.2122    0.8257   18.2150  987.2275
   64.9100  -32.3400    0.0000    0.0000  271.3051    3.1391  278.7729  346.4514  414.1722    0.8298   18.2713  987.8519
   64.9900  -32.5100    0.0000    0.0000  270.7373    2.9342  278.2122  346.5654  417.2546    0.8324   18.3166  988.4578
   65.0800  -32.6600    0.0000    0.0000  270.1935    2.7394  277.4423  332.0992  403.0046    0.8277   18.2472  989.0777
   65.1600  -32.8100    0.0000    0.0000  269.5167    2.5532  276.5735  312.2030  388.8521    0.8196   18.1124  989.7209
   65.2500  -32.9600    0.0000    0.0000  268.8884    2.4393  275.5953  278.9677  364.6320    0.8084   17.9333  990.3330
   65.3300  -33.1100    0.0000    0.0000  268.3790    2.2784  274.6522  254.9369  333.9125    0.7928   17.6795  990.8997
   65.4200  -33.2800    0.0000    0.0000  267.6756    2.0713  273.6973  233.5662  305.8345    0.7609   17.1109  991.5578
   65.5000  -33.4400    0.0000    0.2884  267.4156    1.8831  270.5451  130.6169  135.3889    0.6977   16.4390  992.1613
   65.5900  -33.5900    0.0000    0.3780  266.8332    1.7624  269.0639   96.9219   87.8797    0.6523   15.6507  992.8098
   65.6700  -33.7500    0.0000    0.3780  266.4385    1.6956  268.7070   92.4858   86.1119    0.6268   15.1025  993.3901
   65.7600  -33.9200    0.0000    0.5694  265.4418    1.5312  266.8788   70.6314   53.0478    0.5868   14.3449  993.9418
   65.8600  -34.1300    0.0000    0.6970  264.6463    1.4152  265.5508   54.8486   31.7223    0.5448   13.4545  994.5140
   65.8800  -34.5100    0.0000    0.8390  264.1789    1.3266  264.0155   36.4666   -5.4614    0.5103   12.7591  994.8807
   65.7900  -34.7200    0.0000    0.8166  264.3476    1.3552  264.2753   35.6310   -2.4815    0.4836   12.1227  994.9011
   65.7000  -34.9300    0.0000    0.7356  265.0056    1.4383  265.2979   40.6804    8.9227    0.4621   11.5978  994.9756
   65.6100  -35.1300    0.0000    0.9060  264.3967    1.3648  263.8395   24.8151  -15.7642    0.4282   10.8161  995.0699
   65.5200  -35.3400    0.0000    0.7880  264.6132    1.4492  264.8120   28.4930    5.0366    0.3897    9.8703  995.1617
   65.4200  -35.5400    0.0000    0.6986  264.2513    1.4699  265.2144   32.5816   23.7441    0.3757    9.4970  995.2016
   65.3300  -35.7400    0.0000    0.7498  263.4388    1.3659  264.2370   29.2702   19.7089    0.3746    9.4543  995.2510
   65.2500  -35.9400    0.0000    0.7436  263.5316    1.3229  264.2962   34.2690   20.1398    0.3990   10.0441  995.2943
   65.1600  -36.1300    0.0000    0.4560  265.0433    1.4976  267.4241   61.4897   63.7009    0.4272   10.6758  995.2884
   65.0700  -36.3400    0.0000    0.5684  265.1900    1.4554  266.5706   54.5926   38.6199    0.4391   11.0052  995.3403
   64.9500  -36.6400    0.0000    0.3230  266.5377    1.6162  268.9195   76.1528   66.6833    0.4597   11.4582  995.4045
   64.7200  -36.6800    0.0000    0.0000  267.7184    2.0844  272.2576  104.9706  133.7926    0.5123   12.4144  994.8308
   64.6200  -36.5100    0.0000    0.0000  268.1563    2.2432  272.9938  112.9002  149.2337    0.5393   12.9485  994.2242
   64.5300  -36.3300    0.0000    0.0000  268.9374    2.4540  273.8251  117.8716  154.8782    0.5571   13.3101  993.6009
   64.4400  -36.1500    0.0000    0.0000  270.1085    2.6875  274.7491  128.6385  155.8560    0.5962   14.1161  992.9465
   64.3400  -35.9800    0.0000    0.0000  271.4131    2.8869  275.7941  154.4688  162.7718    0.6658   15.5074  992.2076
   64.2500  -35.7900    0.0000    0.0000  271.4922    2.7630  276.6934  248.7239  247.6281    0.7301   16.6038  991.3926
   64.2500  -35.6200    0.0000    0.0000  271.8896    2.9076  277.0016  247.9230  246.6961    0.7392   16.7830  990.9583
   64.0500  -35.4500    0.0000    0.0000  273.0328    3.2921  277.9172  250.0141  243.2198    0.7613   17.2144  989.7938
   63.9200  -35.2000    0.0000    0.0000  273.5781    3.5153  278.3169  241.0331  235.3294    0.7613   17.2275  988.8865
   63.8900  -35.0300    0.0000    0.0000  273.6587    3.6504  278.5141  231.8222  238.8356    0.7560   17.1210  988.4534
   63.9700  -35.1500    0.0000    0.0000  273.5025    3.4716  278.3188  247.6159  240.2763    0.7639   17.2698  988.9838
   64.0600  -35.3100    0.0000    0.0000  273.1476    3.3133  278.0323  254.2532  244.5622    0.7650   17.2829  989.5958
   64.1400  -35.5000    0.0000    0.0000  272.6043    3.1428  277.6075  251.2424  246.3789    0.7534   17.0567  990.2887
   64.2700  -35.5000    0.0000    0.0000  271.9620    2.9247  277.0229  248.2814  245.6584    0.7430   16.8570  990.8590
   64.3300  -35.3200    0.0000    0.0000  272.0515    2.9373  276.9979  247.5903  241.7736    0.7473   16.9466  990.7030
   64.3900  -35.1500    0.0000    0.0000  272.1114    2.9324  276.9377  247.0049  237.2484    0.7508   17.0220  990.5715
   64.4400  -34.9700    0.0000    0.0000  272.1491    2.9398  276.9316  246.8518  235.9524    0.7531   17.0695  990.3945
   64.5000  -34.7900    0.0000    0.0000  272.0848    2.9421  276.9409  249.6789  242.0731    0.7595   17.1809  990.2047
   64.5600  -34.6100    0.0000    0.0000  271.9630    2.9267  276.8825  251.0362  247.1892    0.7641   17.2624  990.0939
   64.6100  -34.4300    0.0000    0.0000  271.8354    2.9199  276.8531  253.2102  254.5675    0.7699   17.3618  989.9658
   64.6700  -34.2500    0.0000    0.0000  271.7184    2.9144  276.8611  256.5745  263.2161    0.7753   17.4512  989.8561
   64.7300  -34.0700    0.0000    0.0000  271.5538    2.9037  276.8773  260.8687  274.8273    0.7806   17.5342  989.7761
   64.7800  -33.8900    0.0000    0.0000  271.3785    2.8899  276.9327  266.2140  287.8438    0.7829   17.5582  989.7151
   64.8400  -33.7100    0.0000    0.0000  271.2038    2.8764  277.0650  276.3548  306.3345    0.7882   17.6312  989.6275
   64.9000  -33.5300    0.0000    0.0000  270.9533    2.8412  277.1574  288.3293  327.8203    0.7948   17.7253  989.6096
   64.9500  -33.3500    0.0000    0.0000  270.6778    2.7930  277.1444  297.2647  345.2179    0.8010   17.8181  989.5814
   65.0000  -33.1600    0.0000    0.0000  270.4984    2.7896  277.2323  305.2062  363.3589    0.8079   17.9240  989.4883
   65.0700  -32.9200    0.0000    0.0000  270.1861    2.7174  277.2325  319.6450  386.0492    0.8175   18.0763  989.4199
   65.0500  -32.5600    0.0000    0.0000  270.3723    2.8015  277.7365  339.7880  411.0657    0.8311   18.3007  988.8262
   64.9100  -32.4000    0.0000    0.0000  271.2068    3.1066  278.7069  347.4526  416.2059    0.8299   18.2706  987.9827
   64.8200  -32.2000    0.0000    0.0000  272.0089    3.3559  279.2299  339.0370  396.7667    0.8255   18.2110  987.2509
   64.7300  -32.0100    0.0000    0.0000  272.7924    3.5595  279.5942  332.6254  374.1502    0.8282   18.2927  986.5251
   64.6300  -31.8400    0.0000    0.0000  273.5065    3.7845  279.7760  314.1615  346.2711    0.8327   18.4136  985.7285
   64.4900  -31.6400    0.0000    0.0000  274.2250    3.9829  279.7366  285.9599  304.8867    0.8354   18.5233  984.7053
