lats     lons    elev(m)   SeaIce(1=ice)    T2m(K)    Q2m(g/kg)   Tsurf(K)   LHFlx(W/m2)   SHFlx(W/m2)  ustar(m/s)   10mwind(m/s)    slp(hPa) 
   67.0500  -22.8200   28.0621    0.0000  263.6250    2.0145  277.2090  237.2420  436.8472    0.5467   12.1466 1008.6335
   67.1900  -22.9500   23.6079    0.0000  262.7751    1.9200  276.5048  234.6504  455.0238    0.5641   12.5177 1009.2089
   67.2500  -23.6300   19.7654    0.0519  262.1999    1.8102  275.0346  220.9417  435.2553    0.5755   12.8509 1009.6478
   67.1400  -23.8700   20.7520    0.0885  262.4690    1.8158  274.6059  217.4226  414.3804    0.5785   12.9703 1009.5723
   67.0300  -24.1000   19.5261    0.1178  262.3291    1.7731  273.9211  209.5722  398.0246    0.5797   13.0480 1009.6830
   66.9200  -24.3100   18.9996    0.1292  262.3638    1.7563  273.5791  203.1298  383.6034    0.5762   13.0104 1009.5771
   66.8100  -24.5200   16.6552    0.1199  262.9358    1.8301  273.9171  206.6564  379.9398    0.5845   13.1745 1009.2125
   66.6900  -24.6900   15.3236    0.0990  263.6653    1.9342  274.6187  214.6254  382.4723    0.5927   13.3134 1008.7531
   66.5600  -24.8600   13.9861    0.0711  264.5197    2.0614  275.5406  225.6691  389.0681    0.6029   13.4802 1008.2332
   66.4300  -25.0300   12.2212    0.0399  265.4318    2.2016  276.5711  238.7335  398.8866    0.6158   13.6942 1007.7051
   66.3000  -25.1800   12.3802    0.0024  266.1890    2.3329  277.7755  254.6153  417.5973    0.6254   13.8209 1007.2954
   66.1800  -25.3800    9.5772    0.0000  266.2873    2.3500  277.9482  268.5038  435.3288    0.6411   14.1137 1007.2075
   66.0600  -25.6000    5.5642    0.0000  266.4603    2.3569  278.2544  304.0790  475.2928    0.6696   14.6376 1006.7904
   65.9500  -25.7900    2.0658    0.0000  266.6454    2.3610  278.5789  340.9719  515.7286    0.6968   15.1344 1006.3145
   65.8200  -25.9600    0.0000    0.0000  266.8706    2.3569  278.9646  382.6114  558.5048    0.7209   15.5635 1005.6542
   65.6900  -26.1200    0.0000    0.0000  267.0697    2.3457  279.2981  416.7179  590.9701    0.7348   15.7965 1005.0031
   65.5600  -26.2900    0.0000    0.0000  267.2556    2.3338  279.6168  449.8598  622.7710    0.7485   16.0266 1004.3942
   65.4400  -26.4600    0.0000    0.0000  267.4037    2.3171  279.9096  483.1659  656.0450    0.7637   16.2767 1003.9060
   65.3100  -26.6200    0.0887    0.0000  267.9148    2.4005  279.8729  477.4688  636.0224    0.7744   16.5023 1003.3259
   65.1500  -26.8300    0.2016    0.0000  268.5529    2.5106  279.7876  464.9901  604.9547    0.7852   16.7453 1002.6305
